1,1,22,-0.00028599,0.21004,0.0019238,0.29009,-1.6315,1.2233,9.0904,12.207,0.198,0.28,1.3243
1,2,33,0.00087935,0.20939,-0.0001252,0.29024,5.3524,-0.079493,9.0904,12.207,0.237,0.296,1.0383
1,3,16,-0.0027766,0.21201,0.0077605,0.28985,-13.022,4.9366,9.0904,12.207,0.239,0.322,1.0602
1,4,15,0.00029385,0.2094,0.005099,0.29028,1.79,3.2325,9.0904,12.207,0.239,0.299,1.0869
1,5,36,0.0031381,0.20644,0.0087969,0.28991,25.975,5.5882,9.0904,12.207,0.217,0.287,1.1568
1,6,10,0.0031291,0.20704,0.01389,0.28915,23.972,8.8561,9.0904,12.207,0.303,0.304,0.93078
1,7,16,0.0036339,0.20479,0.011132,0.28969,37.159,7.0754,9.0904,12.207,0.276,0.301,0.84329
1,8,27,0.0045296,0.20954,0.020387,0.28775,25.396,13.079,9.0904,12.207,0.3,0.311,0.8378
1,9,18,0.0036705,0.20723,0.021487,0.2875,26.922,13.798,9.0904,12.207,0.336,0.279,0.79431
1,10,33,0.002732,0.20996,0.017478,0.28837,15.338,11.188,9.0904,12.207,0.282,0.315,0.80141
1,100,5,0.00094281,0.20766,0.017617,0.28942,7.0171,11.145,9.0904,12.207,0.213,0.309,1.2836
1,101,39,-0.00083856,0.21097,0.011309,0.29016,-4.3703,7.1495,9.0904,12.207,0.205,0.252,1.1906
1,102,17,0.0054692,0.2063,0.026905,0.28589,40.97,17.393,9.0904,12.207,0.27,0.348,0.99179
1,103,29,0.0046044,0.21008,0.025787,0.28675,24.551,16.555,9.0904,12.207,0.217,0.28,1.1266
1,104,13,0.00046406,0.207,0.0256,0.28677,3.7952,16.439,9.0904,12.207,0.247,0.304,0.97831
1,105,14,0.0012336,0.21129,0.024532,0.28718,6.2378,15.717,9.0904,12.207,0.252,0.267,1.09
1,106,24,0.0051658,0.21125,0.027992,0.28601,24.669,18.028,9.0904,12.207,0.238,0.08,1.0741
1,107,23,-0.00036342,0.20917,0.016531,0.28882,-2.2689,10.543,9.0904,12.207,0.231,0.278,1.1415
1,108,3,-0.0016388,0.20888,0.029269,0.2852,-10.458,18.959,9.0904,12.207,0.249,0.402,1.0163
1,109,-2,0.004492,0.21454,0.013189,0.28917,17.169,8.4135,9.0904,12.207,0.273,0.282,0.96263
1,11,28,0.0049585,0.21353,0.02682,0.28615,20.125,17.292,9.0904,12.207,0.32,0.341,0.75263
1,110,3,-0.0012327,0.20834,0.022463,0.28744,-8.406,14.408,9.0904,12.207,0.392,0.354,0.61834
1,111,-1,-0.001365,0.2103,0.013995,0.28902,-7.5477,8.9345,9.0904,12.207,0.228,0.259,1.0407
1,112,17,-0.00089008,0.20747,0.0064843,0.28996,-6.7972,4.1229,9.0904,12.207,0.224,0.273,1.0697
1,113,11,0.0050915,0.20762,0.0187,0.28833,33.759,11.954,9.0904,12.207,0.244,0.282,1.0527
1,114,12,-0.00073107,0.20907,0.011957,0.28973,-4.6089,7.5902,9.0904,12.207,0.211,0.202,1.1146
1,115,0,-0.00015284,0.21011,0.010741,0.28962,-0.86628,6.834,9.0904,12.207,0.258,0.168,1.0437
1,116,25,-0.0015549,0.20732,0.0033136,0.29031,-11.986,2.1013,9.0904,12.207,0.236,0.132,1.0416
1,117,21,0.0051899,0.21729,0.012008,0.2896,16.705,7.6327,9.0904,12.207,0.252,0.163,1.0724
1,118,15,0.0014451,0.2141,0.013369,0.28923,5.8531,8.5214,9.0904,12.207,0.218,0.217,1.1073
1,119,28,0.0044047,0.21261,0.018602,0.28845,19.26,11.876,9.0904,12.207,0.21,0.216,1.1395
1,12,19,0.0037741,0.21886,0.016864,0.28861,11.313,10.775,9.0904,12.207,0.187,0.621,1.3698
1,120,6,0.0020543,0.21502,0.012065,0.28919,7.789,7.7039,9.0904,12.207,0.222,0.281,1.219
1,121,21,0.0016447,0.20913,0.015893,0.28897,10.207,10.128,9.0904,12.207,0.211,0.255,1.2088
1,122,20,-0.00048023,0.20762,0.013527,0.28932,-3.6078,8.6116,9.0904,12.207,0.239,0.26,1.0391
1,123,20,0.0061015,0.20673,0.024048,0.2872,42.188,15.418,9.0904,12.207,0.231,0.286,1.0554
1,124,7,0.0014234,0.20743,0.020126,0.28786,10.838,12.903,9.0904,12.207,0.221,0.279,1.1026
1,125,20,-0.0017219,0.20803,0.010389,0.28971,-12.099,6.6053,9.0904,12.207,0.204,0.323,1.1618
1,126,10,0.0049209,0.21319,0.022412,0.28757,20.46,14.356,9.0904,12.207,0.257,0.225,1.0139
1,127,5,0.0033563,0.2159,0.014126,0.28915,11.92,9.0039,9.0904,12.207,0.221,0.262,1.0703
1,128,2,0.0010708,0.21155,0.010872,0.29014,5.2953,6.8772,9.0904,12.207,0.214,0.24,1.1548
1,129,28,-0.00013446,0.20933,0.0057494,0.29058,-0.82538,3.6317,9.0904,12.207,0.2,0.077,1.1068
1,13,7,0.00091874,0.21018,0.019547,0.28891,5.1555,12.399,9.0904,12.207,0.19,0.306,1.5279
1,130,6,0.00031029,0.20962,0.020229,0.28778,1.8472,12.977,9.0904,12.207,0.325,0.083,0.79662
1,131,14,0.00082128,0.21341,0.010593,0.28945,3.5043,6.7533,9.0904,12.207,0.223,0.243,1.0461
1,132,1,0.0037756,0.20474,0.016093,0.2891,38.521,10.238,9.0904,12.207,0.304,0.188,0.77285
1,133,12,-0.0012671,0.21032,0.014067,0.28893,-6.9977,8.9886,9.0904,12.207,0.305,0.008,0.86228
1,134,-23,0.0016235,0.21214,0.0072282,0.28973,7.6175,4.6054,9.0904,12.207,0.252,0.095,0.9547
1,135,3,-4.9323e-05,0.22202,0.0059962,0.29005,-0.12835,3.8094,9.0904,12.207,0.277,0.093,0.95275
1,136,-1,0.0014743,0.20986,0.0073503,0.29051,8.5045,4.643,9.0904,12.207,0.233,0.095,1.0182
1,137,4,-0.00058337,0.21297,0.0022579,0.29029,-2.5746,1.4326,9.0904,12.207,0.24,0.201,1.0606
1,138,13,-0.0018491,0.20766,-0.00052501,0.29013,-13.578,-0.33375,9.0904,12.207,0.244,0.016,1.022
1,139,12,0.0015258,0.21155,0.010851,0.28979,7.5246,6.8909,9.0904,12.207,0.204,0.032,1.2354
1,14,23,-0.0019026,0.21337,0.011167,0.28988,-8.1016,7.0824,9.0904,12.207,0.212,0.318,1.347
1,140,39,0.0017288,0.21355,0.011654,0.28953,7.2686,7.4168,9.0904,12.207,0.224,0.26,1.0707
1,141,9,0.0009828,0.21083,0.018019,0.28857,5.1874,11.5,9.0904,12.207,0.257,0.275,0.98395
1,142,13,-0.00017082,0.2071,0.012527,0.2898,-1.3774,7.9418,9.0904,12.207,0.284,0.161,0.88899
1,143,-3,0.00048382,0.20745,0.020675,0.28789,3.7179,13.238,9.0904,12.207,0.235,0.313,0.97686
1,144,10,0.0034679,0.21081,0.01506,0.28875,17.793,9.6306,9.0904,12.207,0.386,0.181,0.78295
1,145,0,-9.6659e-05,0.20638,0.0075978,0.28972,-0.86763,4.8404,9.0904,12.207,0.294,0.137,0.82764
1,146,16,0.0003093,0.20642,0.01012,0.28954,2.7565,6.4485,9.0904,12.207,0.343,0.001,0.67204
1,147,26,0.0019747,0.20699,0.016862,0.28867,15.767,10.767,9.0904,12.207,0.261,0.27,0.84042
1,148,21,0.00077315,0.20611,NaN,NaN,7.2174,NaN,9.0904,12.207,0,1.179,0.42175
1,149,8,0.00501,0.22268,0.023983,0.28691,12.459,15.426,9.0904,12.207,0.241,0.409,0.99073
1,15,-1,-0.0025974,0.2113,0.0045948,0.28993,-12.95,2.9248,9.0904,12.207,0.204,0.328,1.337
1,150,-4,0.0036275,0.20966,0.013504,0.28902,20.586,8.626,9.0904,12.207,0.416,0.039,0.86568
1,151,34,-0.002434,0.20687,0.0064797,0.28979,-19.519,4.1278,9.0904,12.207,0.228,0.124,1.0363
1,152,41,0.00010439,0.21016,0.018187,0.28829,0.58859,11.64,9.0904,12.207,0.199,0.305,1.1807
1,153,17,-0.00027496,0.20731,0.020914,0.28765,-2.1534,13.421,9.0904,12.207,0.217,0.309,1.1488
1,154,4,0.0040333,0.20679,0.024468,0.28684,30.699,15.736,9.0904,12.207,0.205,0.293,1.1324
1,155,30,-0.001085,0.20965,0.013379,0.28934,-6.4158,8.5176,9.0904,12.207,0.264,0.121,0.94315
1,156,9,0.0029396,0.20747,0.022246,0.28745,21.482,14.272,9.0904,12.207,0.225,0.257,1.054
1,157,10,0.004077,0.21209,0.019738,0.28794,18.63,12.651,9.0904,12.207,0.242,0.269,1.0181
1,158,27,-0.0012073,0.20987,0.0097353,0.28981,-6.9701,6.1866,9.0904,12.207,0.245,0.167,1.0197
1,159,-1,0.004619,0.20741,0.022538,0.28797,31.944,14.371,9.0904,12.207,0.25,0.173,1.0565
1,16,19,0.0029718,0.21612,0.01752,0.2886,10.443,11.186,9.0904,12.207,0.18,0.34,1.5758
1,160,-7,-0.0007901,0.21177,0.0099398,0.28978,-3.8416,6.3179,9.0904,12.207,0.201,0.149,1.2175
1,161,21,-0.0013613,0.21131,0.0042238,0.29012,-6.8623,2.6833,9.0904,12.207,0.189,0.269,1.2732
1,162,21,0.0035984,0.2097,0.018253,0.28842,20.351,11.664,9.0904,12.207,0.277,0.268,0.81015
1,163,17,0.0037187,0.20697,0.015377,0.28898,28.081,9.8045,9.0904,12.207,0.271,0.141,0.8956
1,164,22,0.0012078,0.20603,0.015831,0.28874,11.326,10.115,9.0904,12.207,0.323,0.437,0.72701
1,165,29,-1.1252e-05,0.20736,0.013377,0.28922,-0.087536,8.5268,9.0904,12.207,0.247,0.316,0.93426
1,166,28,0.0028062,0.20967,0.020724,0.28801,16.177,13.25,9.0904,12.207,0.225,0.299,1.1228
1,167,9,0.0031851,0.20886,0.028392,0.28554,19.768,18.362,9.0904,12.207,0.21,0.3,1.1829
1,168,26,0.0022934,0.21062,0.019807,0.28809,12.186,12.673,9.0904,12.207,0.194,0.246,1.262
1,169,18,0.002702,0.20865,0.021034,0.28783,17.347,13.468,9.0904,12.207,0.197,0.265,1.3145
1,17,26,0.0034848,0.21104,0.015021,0.28929,17.517,9.549,9.0904,12.207,0.204,0.322,1.2988
1,170,10,0.0001804,0.21117,0.017522,0.28871,0.92559,11.173,9.0904,12.207,0.219,0.27,1.2388
1,171,2,0.0024115,0.20897,0.019754,0.28805,15.044,12.645,9.0904,12.207,0.22,0.314,1.1488
1,172,24,0.00074456,0.21485,0.0085079,0.29003,2.8708,5.3983,9.0904,12.207,0.193,0.28,1.2099
1,173,12,0.00045935,0.21007,0.017808,0.28826,2.6112,11.407,9.0904,12.207,0.247,0.285,1.0647
1,174,17,0.0037509,0.21348,0.020579,0.28781,15.554,13.189,9.0904,12.207,0.221,0.285,1.1398
1,175,6,0.0027733,0.2109,0.023732,0.28695,14.274,15.266,9.0904,12.207,0.238,0.269,1.0072
1,176,-3,-0.0010632,0.20926,0.015328,0.28882,-6.5492,9.791,9.0904,12.207,0.295,0.054,0.84691
1,177,18,-0.0024494,0.21196,0.0069073,0.28982,-11.576,4.3975,9.0904,12.207,0.242,0.161,1.0191
1,178,15,0.0043737,0.21123,0.02469,0.28705,21.286,15.834,9.0904,12.207,0.257,0.171,1.0719
1,179,30,0.0024981,0.20994,0.016463,0.28888,14.111,10.494,9.0904,12.207,0.214,0.001,1.1273
1,18,19,0.0050571,0.21327,0.029706,0.28523,20.861,19.215,9.0904,12.207,0.271,0.335,1.2268
1,180,26,0.0060543,0.2141,0.024883,0.28653,23.237,16.043,9.0904,12.207,0.229,0.067,1.1354
1,181,29,0.0021635,0.21099,0.027329,0.28587,11.134,17.654,9.0904,12.207,0.247,0.07,1.0308
1,182,7,0.0010972,0.20821,0.02529,0.28691,7.6079,16.225,9.0904,12.207,0.229,0.047,1.1459
1,183,5,-0.00068429,0.20695,0.021886,0.28817,-5.6256,13.941,9.0904,12.207,0.254,0.253,0.9775
1,184,1,0.0019762,0.21068,0.01753,0.2884,10.481,11.217,9.0904,12.207,0.207,0.219,1.1135
1,185,22,-0.002099,0.21175,0.014705,0.28918,-10.126,9.3634,9.0904,12.207,0.242,0.021,1.0288
1,186,49,0.004858,0.20961,0.023749,0.28752,26.823,15.182,9.0904,12.207,0.235,0.001,1.0064
1,187,25,0.0023942,0.20823,0.017129,0.28879,16.22,10.92,9.0904,12.207,0.233,0.001,1.0226
1,188,7,0.0038929,0.20885,0.03044,0.28553,23.733,19.59,9.0904,12.207,0.226,0.275,1.0533
1,189,26,0.0035343,0.20939,0.023728,0.28722,20.632,15.218,9.0904,12.207,0.244,0.286,0.98042
1,19,27,-0.00034348,0.21686,0.019368,0.28838,-1.1672,12.361,9.0904,12.207,0.198,0.392,1.3339
1,190,2,0.00087382,0.20966,0.024081,0.28697,5.1675,15.476,9.0904,12.207,0.265,0.134,0.91697
1,191,-1,0.0022844,0.20603,0.019571,0.28817,20.739,12.515,9.0904,12.207,0.299,0.158,0.8361
1,192,25,-0.0010039,0.2107,0.017873,0.28855,-5.3617,11.412,9.0904,12.207,0.238,0.353,1.0522
1,193,7,0.0026686,0.20659,0.021759,0.28736,22.058,13.986,9.0904,12.207,0.286,0.076,0.85909
1,194,20,0.0020513,0.20994,0.019446,0.28821,11.662,12.432,9.0904,12.207,0.257,0.255,0.89516
1,195,33,0.0096604,0.20812,0.024907,0.28696,49.941,15.983,9.0904,12.207,0.317,0.133,0.80912
1,196,21,0.0084629,0.20795,0.031763,0.28455,46.781,20.59,9.0904,12.207,0.315,0.121,0.96092
1,197,27,0.00086765,0.21083,0.020016,0.28834,4.5804,12.767,9.0904,12.207,0.247,0.255,1.0105
1,198,-3,0.0036214,0.21185,0.030835,0.28478,16.993,19.987,9.0904,12.207,0.34,0.12,0.86477
1,199,24,-0.002742,0.20636,0.0077332,0.29014,-23.336,4.9036,9.0904,12.207,0.217,0.151,1.1252
1,20,40,0.0026729,0.21462,0.027562,0.28615,10.359,17.74,9.0904,12.207,0.201,0.309,1.3461
1,200,42,0.0011922,0.21037,0.023918,0.28713,6.5594,15.351,9.0904,12.207,0.258,0.139,0.98669
1,201,22,0.0025783,0.21226,0.029101,0.28563,11.878,18.769,9.0904,12.207,0.209,0.506,1.2754
1,202,33,0.0059748,0.20905,0.029718,0.28559,33.431,19.147,9.0904,12.207,0.195,0.336,1.3492
1,203,16,0.001147,0.212,0.016874,0.28902,5.4607,10.733,9.0904,12.207,0.192,0.344,1.5427
1,204,15,0.0015449,0.20966,0.011587,0.28946,9.0858,7.3804,9.0904,12.207,0.217,0.277,1.226
1,205,36,-0.00082119,0.21116,0.0089009,0.28959,-4.2067,5.6736,9.0904,12.207,0.218,0.262,1.2096
1,206,10,0.0020713,0.21118,0.02702,0.28598,10.492,17.446,9.0904,12.207,0.22,0.272,1.1612
1,207,16,-9.7261e-05,0.20992,0.018886,0.28821,-0.56198,12.084,9.0904,12.207,0.214,0.35,1.2231
1,208,27,0.0044412,0.20931,0.023702,0.28708,25.5,15.226,9.0904,12.207,0.203,0.333,1.3279
1,209,18,0.0067987,0.21026,0.032173,0.28529,33.528,20.666,9.0904,12.207,0.24,0.325,1.2473
1,21,27,0.0010161,0.21156,0.028493,0.28565,5.0219,18.401,9.0904,12.207,0.232,0.332,1.2307
1,210,33,0.003077,0.21169,0.029631,0.28514,14.748,19.188,9.0904,12.207,0.211,0.364,1.3183
1,211,28,0.0044801,0.20876,0.03257,0.28443,27.098,21.094,9.0904,12.207,0.206,0.317,1.3869
1,212,19,0.0037156,0.2095,0.029645,0.28613,21.364,18.993,9.0904,12.207,0.227,0.337,1.3391
1,213,7,0.0039301,0.21104,0.024935,0.28662,19.588,16.059,9.0904,12.207,0.19,0.275,1.5089
1,214,23,0.0007452,0.2107,0.020756,0.28832,3.984,13.224,9.0904,12.207,0.178,0.332,1.6716
1,215,-1,0.0038593,0.21242,0.029191,0.28519,17.265,18.914,9.0904,12.207,0.2,0.361,1.3218
1,216,19,-0.00010259,0.21238,0.021451,0.28793,-0.47481,13.71,9.0904,12.207,0.185,0.344,1.4486
1,217,26,0.0035282,0.21313,0.023079,0.28759,15.042,14.761,9.0904,12.207,0.177,0.281,1.5813
1,218,19,0.00033937,0.21173,0.021797,0.28793,1.6579,13.922,9.0904,12.207,0.175,0.271,1.5827
1,219,27,0.0052869,0.21029,0.031567,0.28453,27.201,20.478,9.0904,12.207,0.19,0.281,1.4195
1,22,19,0.0028725,0.20644,0.041081,0.28055,24.047,27.022,9.0904,12.207,0.246,0.325,1.0677
1,220,40,0.0037244,0.2094,0.038094,0.28203,21.604,24.909,9.0904,12.207,0.177,0.057,1.5634
1,221,27,0.0042846,0.21568,0.029534,0.28557,15.284,19.042,9.0904,12.207,0.172,0.242,1.5536
1,222,19,0.0048245,0.20948,0.034521,0.28449,26.984,22.223,9.0904,12.207,0.182,0.224,1.6391
1,223,24,0.0063905,0.21192,0.03329,0.28366,28.187,21.698,9.0904,12.207,0.198,0.167,1.5124
1,224,21,0.0017867,0.21773,0.022986,0.28711,5.7533,14.781,9.0904,12.207,0.181,0.288,1.4214
1,225,0,0.00412,0.21907,0.026831,0.28666,12.194,17.204,9.0904,12.207,0.197,0.136,1.4513
1,226,11,-0.0028925,0.21549,0.0084613,0.29022,-10.58,5.3579,9.0904,12.207,0.169,0.259,1.6011
1,227,31,-0.0029889,0.21342,0.011705,0.28943,-12.552,7.4562,9.0904,12.207,0.168,0.273,1.753
1,228,15,0.0030661,0.21299,0.024183,0.28717,13.276,15.506,9.0904,12.207,0.192,0.124,1.498
1,229,23,0.0026313,0.21263,0.022151,0.28784,11.768,14.153,9.0904,12.207,0.183,0.313,1.313
1,23,24,-0.00059902,0.20673,0.027812,0.28573,-5.0845,17.973,9.0904,12.207,0.279,0.282,0.86667
1,230,4,0.0051049,0.21358,0.026906,0.286,20.606,17.372,9.0904,12.207,0.242,0.109,1.2247
1,231,17,0.00086839,0.21077,0.018503,0.28928,4.6115,11.709,9.0904,12.207,0.214,0.151,1.2772
1,232,23,0.0020049,0.2099,0.015834,0.28885,11.449,10.105,9.0904,12.207,0.186,0.077,1.4704
1,233,0,0.0042101,0.20885,0.026166,0.28634,25.443,16.859,9.0904,12.207,0.208,0.083,1.2685
1,234,20,0.0014384,0.2126,0.014188,0.28903,6.5118,9.0548,9.0904,12.207,0.179,0.065,1.447
1,235,14,0.0046234,0.21472,0.02359,0.28724,17.435,15.131,9.0904,12.207,0.185,0.233,1.458
1,236,5,0.0064966,0.21472,0.034405,0.28318,23.808,22.471,9.0904,12.207,0.234,0.088,1.2519
1,237,16,0.0039157,0.21282,0.017103,0.28855,16.981,10.931,9.0904,12.207,0.198,0.257,1.3041
1,238,-7,0.004829,0.20869,0.028294,0.28568,29.054,18.274,9.0904,12.207,0.258,0.098,1.0674
1,239,-10,0.00040913,0.21392,0.010601,0.29033,1.684,6.6937,9.0904,12.207,0.171,0.29,1.5354
1,24,21,-0.00017623,0.2065,0.029534,0.2853,-1.554,19.098,9.0904,12.207,0.273,0.318,1.0388
1,240,2,0.0038925,0.21114,0.010799,0.28968,19.261,6.8659,9.0904,12.207,0.245,0.126,1.2106
1,241,4,0.0010967,0.21107,0.010656,0.28955,5.6556,6.7862,9.0904,12.207,0.222,0.17,1.4118
1,242,2,-0.00062185,0.21313,0.0069103,0.29007,-2.7123,4.3871,9.0904,12.207,0.202,0.552,1.3724
1,243,-5,0.00089593,0.21368,0.01264,0.28931,3.7459,8.0556,9.0904,12.207,0.191,0.208,1.4337
1,244,19,0.00069821,0.20909,0.0097905,0.28967,4.3935,6.2309,9.0904,12.207,0.223,0.291,1.1897
1,245,-3,-0.0036766,0.20946,0.01411,0.28939,-21.248,8.9696,9.0904,12.207,0.183,0.243,1.4967
1,246,17,0.0020495,0.21421,0.015083,0.28876,8.2098,9.6439,9.0904,12.207,0.177,0.169,1.5104
1,247,25,0.0012653,0.20872,0.018539,0.28809,8.2586,11.885,9.0904,12.207,0.176,0.255,1.4635
1,248,16,0.0013438,0.21109,0.01555,0.28889,6.911,9.9228,9.0904,12.207,0.196,0.306,1.3958
1,249,17,0.0057928,0.20976,0.019563,0.28822,30.678,12.503,9.0904,12.207,0.209,0.247,1.3221
1,25,0,0.0012408,0.20709,0.030528,0.28487,9.9318,19.783,9.0904,12.207,0.247,0.361,1.0729
1,250,11,0.0055273,0.21211,0.0239,0.28726,24.525,15.317,9.0904,12.207,0.216,0.222,1.349
1,251,-2,0.0067271,0.21223,0.018191,0.28876,28.814,11.582,9.0904,12.207,0.232,0.199,1.2404
1,252,15,-0.0036526,0.214,0.0069788,0.28978,-14.618,4.4446,9.0904,12.207,0.174,0.25,1.4848
1,253,28,0.0021258,0.21456,0.015577,0.28945,8.3094,9.8779,9.0904,12.207,0.21,0.213,1.3078
1,254,37,0.0015926,0.20821,0.019152,0.28834,10.975,12.233,9.0904,12.207,0.199,0.233,1.3602
1,255,11,0.0058038,0.2241,0.021805,0.28752,13.54,13.99,9.0904,12.207,0.24,0.207,1.3133
1,256,-4,0.00085189,0.22204,0.011958,0.28949,2.2135,7.6107,9.0904,12.207,0.192,0.236,1.4186
1,257,18,-0.0023933,0.21962,0.0065769,0.29016,-6.956,4.1723,9.0904,12.207,0.201,0.221,1.3624
1,258,21,-0.0009634,0.20865,0.014886,0.28983,-6.357,9.4088,9.0904,12.207,0.193,0.229,1.3744
1,259,13,0.0047104,0.21099,0.02283,0.28712,23.209,14.685,9.0904,12.207,0.222,0.172,1.3113
1,26,11,-0.0010948,0.21177,0.021324,0.28766,-5.312,13.673,9.0904,12.207,0.298,0.305,0.93501
1,260,2,0.00061586,0.21461,0.015641,0.28887,2.4146,9.982,9.0904,12.207,0.257,0.068,1.178
1,261,40,-8.1759e-05,0.20843,0.015193,0.28887,-0.55586,9.702,9.0904,12.207,0.183,0.281,1.3864
1,262,-12,0.0018998,0.21162,0.024394,0.28715,9.2892,15.637,9.0904,12.207,0.207,0.245,1.2759
1,263,10,-0.0030215,0.21258,0.0095863,0.2897,-13.501,6.1001,9.0904,12.207,0.219,0.111,1.2204
1,264,0,0.0051001,0.21429,0.017932,0.28827,19.638,11.483,9.0904,12.207,0.21,0.11,1.3257
1,265,8,0.00058627,0.20872,0.0062679,0.29034,3.8464,3.9688,9.0904,12.207,0.201,0.138,1.2809
1,266,20,-0.00031391,0.21195,0.013221,0.28911,-1.5051,8.439,9.0904,12.207,0.218,0.071,1.2018
1,267,18,0.0023364,0.21245,0.015632,0.28884,10.626,9.98,9.0904,12.207,0.205,0.081,1.3727
1,268,7,0.00027508,0.20866,0.016752,0.28872,1.8195,10.692,9.0904,12.207,0.205,0.001,1.3297
1,269,25,-0.0009259,0.21488,0.0099183,0.28988,-3.5613,6.2974,9.0904,12.207,0.173,0.229,1.5076
1,27,31,0.00031094,0.21004,0.018785,0.28863,1.7735,11.967,9.0904,12.207,0.242,0.309,1.1292
1,270,23,-0.0013052,0.21406,0.015303,0.28871,-5.3055,9.7874,9.0904,12.207,0.195,0.154,1.5319
1,271,24,0.0027408,0.20969,0.020346,0.28812,15.79,13.001,9.0904,12.207,0.179,0.23,1.559
1,272,11,0.0071976,0.21178,0.030034,0.28517,31.43,19.425,9.0904,12.207,0.214,0.015,1.3125
1,273,29,0.0042504,0.21557,0.025355,0.2866,15.267,16.319,9.0904,12.207,0.223,0.109,1.2281
1,274,24,0.0039412,0.21034,0.025215,0.2866,20.861,16.234,9.0904,12.207,0.231,0.177,1.1541
1,275,46,0.0045678,0.21326,0.031025,0.28469,19.005,20.119,9.0904,12.207,0.304,0.004,0.94512
1,276,29,0.0068206,0.21655,0.0317,0.28477,22.397,20.504,9.0904,12.207,0.227,0.217,1.1645
1,277,30,0.0049519,0.20898,0.026668,0.28674,28.862,17.089,9.0904,12.207,0.237,0.046,1.155
1,278,17,0.0077187,0.21098,0.029742,0.28526,35.114,19.232,9.0904,12.207,0.232,0.28,1.2364
1,279,1,0.0030578,0.21283,0.025465,0.28674,13.406,16.362,9.0904,12.207,0.21,0.185,1.3092
1,28,15,0.0045243,0.21484,0.023491,0.287,16.951,15.111,9.0904,12.207,0.258,0.322,1.2655
1,280,12,-0.0018997,0.21685,0.010655,0.28992,-6.4337,6.758,9.0904,12.207,0.182,0.042,1.4249
1,281,7,0.0031893,0.21066,0.024742,0.28793,16.65,15.715,9.0904,12.207,0.175,0.043,1.4981
1,282,9,-0.0033778,0.21221,0.010612,0.28983,-15.467,6.7377,9.0904,12.207,0.193,0.092,1.5095
1,283,23,0.002062,0.21604,0.026682,0.28611,7.3264,17.217,9.0904,12.207,0.303,0.03,1.0615
1,284,9,0.0032681,0.21258,0.023086,0.28759,14.567,14.765,9.0904,12.207,0.201,0.008,1.3429
1,285,5,-0.0018115,0.21254,0.017557,0.2883,-8.223,11.246,9.0904,12.207,0.206,0.013,1.391
1,286,11,-0.0030095,0.21424,0.01235,0.28918,-11.935,7.8843,9.0904,12.207,0.19,0.025,1.4467
1,287,14,-0.00057139,0.20963,0.0153,0.28908,-3.3953,9.7456,9.0904,12.207,0.194,0.051,1.3933
1,288,21,0.0013831,0.21489,0.017032,0.28892,5.3064,10.843,9.0904,12.207,0.195,0.265,1.3987
1,289,5,0.0017255,0.21153,0.021952,0.28734,8.5123,14.109,9.0904,12.207,0.191,0.034,1.4174
1,29,23,0.00026282,0.2173,0.017557,0.28853,0.87039,11.217,9.0904,12.207,0.217,0.326,1.2165
1,290,20,0.0022844,0.21856,0.018817,0.28807,7.0186,12.06,9.0904,12.207,0.193,0.19,1.5389
1,291,17,0.0019894,0.21866,0.020093,0.28898,6.0866,12.725,9.0904,12.207,0.2,0.132,1.3391
1,292,32,0.0012767,0.21272,0.019786,0.28826,5.7296,12.635,9.0904,12.207,0.184,0.291,1.415
1,293,13,0.0037214,0.21247,0.032435,0.28414,16.619,21.081,9.0904,12.207,0.227,0.29,1.1077
1,294,14,0.00022091,0.21109,0.01722,0.28849,1.1416,11.012,9.0904,12.207,0.196,0.237,1.4512
1,295,2,0.0068433,0.21602,0.024482,0.28714,23.131,15.693,9.0904,12.207,0.25,0.11,1.1862
1,296,-1,0.00091274,0.21764,0.019408,0.28813,2.9617,12.419,9.0904,12.207,0.179,0.266,1.4345
1,297,20,-0.00085545,0.21418,0.020829,0.28879,-3.4527,13.202,9.0904,12.207,0.201,0.157,1.3719
1,298,13,0.00082604,0.21322,0.01395,0.28891,3.5743,8.9169,9.0904,12.207,0.196,0.075,1.4325
1,299,22,0.0048424,0.20534,0.010634,0.28994,42.203,6.7431,9.0904,12.207,0.197,0.262,1.2107
1,30,4,0.0023908,0.21412,0.02473,0.28669,9.6128,15.922,9.0904,12.207,0.224,0.336,1.323
1,300,5,0.0013416,0.21326,0.021248,0.28768,5.7794,13.622,9.0904,12.207,0.194,0.308,1.2696
1,301,39,0.00018098,0.21361,0.01319,0.28928,0.76186,8.404,9.0904,12.207,0.177,0.312,1.3999
1,302,17,-0.0014851,0.20837,0.019493,0.2882,-10.065,12.463,9.0904,12.207,0.187,0.31,1.3795
1,303,29,0.011308,0.21662,0.037872,0.28165,34.238,24.884,9.0904,12.207,0.259,0.131,1.2401
1,304,13,0.0082387,0.21046,0.031848,0.28498,38.231,20.545,9.0904,12.207,0.22,0.101,1.211
1,305,14,-0.0026904,0.21083,0.020976,0.28774,-13.948,13.445,9.0904,12.207,0.197,0.041,1.4466
1,306,24,0.0025507,0.21239,0.018357,0.28833,11.634,11.74,9.0904,12.207,0.153,0.328,1.6189
1,307,23,0.0033667,0.21524,0.024589,0.28671,12.458,15.833,9.0904,12.207,0.194,0.284,1.3447
1,308,3,0.011442,0.21345,0.037779,0.28238,40.39,24.636,9.0904,12.207,0.247,0.078,1.1908
1,309,-2,0.0022341,0.21483,0.01932,0.28813,8.5692,12.364,9.0904,12.207,0.193,0.094,1.2909
1,31,17,-0.002987,0.21406,0.013641,0.28899,-11.996,8.7143,9.0904,12.207,0.205,0.297,1.3426
1,310,3,-0.0041486,0.21262,0.0095179,0.2896,-18.198,6.0633,9.0904,12.207,0.209,0.292,1.3662
1,311,-1,0.0022417,0.21172,0.018589,0.28824,10.828,11.897,9.0904,12.207,0.199,0.147,1.3582
1,312,17,-0.00055734,0.21718,0.01269,0.28939,-1.8576,8.08,9.0904,12.207,0.21,0.153,1.3099
1,313,11,0.003142,0.20906,0.025113,0.2874,19.125,16.031,9.0904,12.207,0.181,0.288,1.4275
1,314,12,0.00069101,0.21266,0.025897,0.28678,3.1232,16.616,9.0904,12.207,0.195,0.18,1.3797
1,315,0,0.004135,0.21399,0.0197,0.28798,16.46,12.621,9.0904,12.207,0.183,0.03,1.4135
1,316,25,-0.0036969,0.21037,-0.00079632,0.29023,-19.615,-0.50564,9.0904,12.207,0.196,0.146,1.297
1,317,21,0.0050356,0.2125,0.026142,0.28649,21.949,16.818,9.0904,12.207,0.183,0.248,1.4532
1,318,15,0.0049399,0.21513,0.026431,0.28662,18.082,16.969,9.0904,12.207,0.243,0.122,1.319
1,319,28,0.0036291,0.21468,0.02596,0.28711,13.89,16.594,9.0904,12.207,0.21,0.122,1.2843
1,32,23,0.0047664,0.21153,0.021299,0.28781,22.461,13.634,9.0904,12.207,0.19,0.307,1.4401
1,320,6,0.0032285,0.20935,0.022136,0.28841,19.057,14.056,9.0904,12.207,0.188,0.342,1.3273
1,321,21,0.001954,0.21376,0.022537,0.28753,8.0798,14.44,9.0904,12.207,0.24,0.052,1.1237
1,322,20,0.00067101,0.20861,0.021287,0.28788,4.4582,13.617,9.0904,12.207,0.185,0.267,1.5071
1,323,20,0.0076547,0.21772,0.032926,0.28393,23.364,21.421,9.0904,12.207,0.229,0.146,1.3859
1,324,7,0.0023563,0.21352,0.017649,0.28852,9.8829,11.276,9.0904,12.207,0.195,0.235,1.4888
1,325,20,0.0068936,0.21333,0.024544,0.28682,27.347,15.786,9.0904,12.207,0.215,0.294,1.2736
1,326,10,0.0041425,0.21045,0.023195,0.2875,21.63,14.847,9.0904,12.207,0.209,0.282,1.1477
1,327,5,0.0041641,0.21418,0.029024,0.28565,16.361,18.72,9.0904,12.207,0.228,0.135,1.0695
1,328,2,0.0027798,0.21605,0.019492,0.28891,9.8231,12.365,9.0904,12.207,0.214,0.169,1.2816
1,329,28,-0.0010695,0.2191,0.011923,0.28951,-3.2049,7.5877,9.0904,12.207,0.207,0.056,1.2961
1,33,0,0.0029161,0.21439,0.019613,0.28817,11.459,12.541,9.0904,12.207,0.224,0.263,1.2604
1,330,6,0.0058348,0.21445,0.026097,0.28673,21.99,16.747,9.0904,12.207,0.24,0.162,1.1544
1,331,14,-0.0016859,0.21256,0.012481,0.28922,-7.6466,7.9632,9.0904,12.207,0.196,0.128,1.3803
1,332,1,0.00040695,0.20859,0.023083,0.28726,2.7122,14.818,9.0904,12.207,0.231,0.147,1.2345
1,333,12,0.00025078,0.21342,0.014856,0.28926,1.0706,9.4497,9.0904,12.207,0.202,0.006,1.2933
1,334,-23,0.0013422,0.21432,0.017124,0.28839,5.3556,10.965,9.0904,12.207,0.17,0.301,1.5272
1,335,3,-0.0024183,0.21221,0.012183,0.28925,-11.206,7.7733,9.0904,12.207,0.217,0.091,1.1502
1,336,-1,-0.00037495,0.21139,0.019039,0.28818,-1.8863,12.183,9.0904,12.207,0.206,0.178,1.2873
1,337,4,-0.00066406,0.21274,0.0097906,0.28987,-2.9836,6.2177,9.0904,12.207,0.192,0.255,1.4189
1,338,13,0.0049228,0.21383,0.023481,0.28694,19.593,15.114,9.0904,12.207,0.224,0.203,1.273
1,339,12,0.0010435,0.21244,0.014444,0.28971,4.7931,9.1469,9.0904,12.207,0.195,0.273,1.4
1,34,20,-0.0015724,0.21358,0.013589,0.28943,-6.6039,8.64,9.0904,12.207,0.238,0.314,1.0094
1,340,39,-0.00031209,0.21594,0.015186,0.28914,-1.1217,9.6679,9.0904,12.207,0.188,0.213,1.3871
1,341,9,0.0070701,0.2171,0.03224,0.28423,22.459,20.944,9.0904,12.207,0.216,0.071,1.2783
1,342,13,0.0029551,0.21519,0.021059,0.28853,11.006,13.38,9.0904,12.207,0.205,0.2,1.3364
1,343,-3,0.0037106,0.21147,0.022203,0.28765,17.924,14.214,9.0904,12.207,0.228,0.164,1.2553
1,344,10,-0.0005434,0.21357,0.010355,0.29041,-2.2935,6.5342,9.0904,12.207,0.188,0.287,1.2912
1,345,0,0.0021878,0.20902,0.021648,0.28795,13.628,13.828,9.0904,12.207,0.204,0.168,1.371
1,346,16,0.0046218,0.21761,0.012604,0.28971,14.703,7.9973,9.0904,12.207,0.204,0.129,1.3006
1,347,26,0.0040999,0.21227,0.02551,0.28665,18.479,16.405,9.0904,12.207,0.222,0.035,1.2414
1,348,21,-0.00015987,0.2101,0.023069,0.28768,-0.90704,14.741,9.0904,12.207,0.205,0.09,1.326
1,349,8,0.0057369,0.21338,0.028576,0.28578,23.205,18.423,9.0904,12.207,0.189,0.157,1.4157
1,35,14,0.00079,0.2072,0.013553,0.28922,6.2616,8.6374,9.0904,12.207,0.187,0.282,1.4225
1,350,-4,0.00033705,0.21244,0.026167,0.28612,1.5519,16.901,9.0904,12.207,0.212,0.301,1.2506
1,351,34,-0.00053007,0.21905,0.014525,0.2893,-1.5939,9.2381,9.0904,12.207,0.226,0.17,1.3463
1,352,41,0.0055263,0.21523,0.030017,0.28486,19.942,19.48,9.0904,12.207,0.205,0.236,1.3996
1,353,17,0.0042543,0.21069,0.038045,0.28196,21.708,24.9,9.0904,12.207,0.188,0.29,1.426
1,354,4,0.0023631,0.21159,0.023026,0.28708,11.523,14.811,9.0904,12.207,0.194,0.291,1.2759
1,355,30,0.0010285,0.21285,0.023844,0.28706,4.5755,15.317,9.0904,12.207,0.184,0.248,1.4032
1,356,9,0.0074435,0.22228,0.040121,0.28099,18.471,26.354,9.0904,12.207,0.214,0.36,1.014
1,357,10,0.0044392,0.21398,0.024063,0.28753,17.611,15.372,9.0904,12.207,0.194,0.249,1.2727
1,358,27,0.0020938,0.21317,0.028597,0.2857,9.0332,18.453,9.0904,12.207,0.221,0.187,1.234
1,359,-1,0.0022502,0.21007,0.022628,0.28769,12.592,14.47,9.0904,12.207,0.188,0.325,1.4296
1,36,5,-0.00051314,0.21277,0.019973,0.28782,-2.3004,12.812,9.0904,12.207,0.195,0.278,1.2924
1,360,-7,3.0707e-05,0.21237,0.027179,0.286,0.14221,17.538,9.0904,12.207,0.167,0.275,1.5309
1,361,21,-0.0029785,0.21295,0.011484,0.28934,-12.952,7.325,9.0904,12.207,0.194,0.126,1.4295
1,362,21,0.0069579,0.21733,0.03106,0.28494,21.879,20.086,9.0904,12.207,0.245,0.205,1.284
1,363,17,0.0040128,0.21022,0.024063,0.28706,21.431,15.45,9.0904,12.207,0.224,0.085,1.3404
1,364,22,0.00070903,0.20856,NaN,NaN,4.735,NaN,9.0904,12.207,0,0.917,1.1885
1,365,29,0.0047779,0.20751,0.037901,0.28241,32.465,24.697,9.0904,12.207,0.218,0.27,1.159
1,366,28,0.0064715,0.2097,0.037805,0.28243,33.704,24.638,9.0904,12.207,0.21,0.244,1.2761
1,367,9,0.0083399,0.20944,0.043252,0.27908,41.457,28.675,9.0904,12.207,0.2,0.171,1.2608
1,368,26,-0.00068698,0.21907,0.017067,0.28885,-2.0631,10.873,9.0904,12.207,0.21,0.068,1.3857
1,369,18,0.00085871,0.21068,0.025224,0.28693,4.5968,16.181,9.0904,12.207,0.23,0.319,1.1673
1,37,16,0.00082519,0.21366,0.012981,0.28934,3.4566,8.2673,9.0904,12.207,0.211,0.26,1.3024
1,370,10,0.003769,0.21038,0.030409,0.28526,19.962,19.63,9.0904,12.207,0.233,0.213,1.0932
1,371,2,0.001768,0.20972,0.024046,0.28692,10.31,15.464,9.0904,12.207,0.2,0.28,1.2798
1,372,24,-0.0018391,0.21235,0.015648,0.28937,-8.4724,9.9316,9.0904,12.207,0.233,0.006,1.1024
1,373,12,0.0061927,0.2082,0.029138,0.28518,37.06,18.884,9.0904,12.207,0.224,0.041,1.1967
1,374,17,0.0070819,0.21133,0.030865,0.28511,32.018,19.933,9.0904,12.207,0.22,0.105,1.3127
1,375,6,0.0019961,0.21468,0.026396,0.28653,7.7458,16.965,9.0904,12.207,0.189,0.25,1.3271
1,376,-3,0.0024737,0.21456,0.016967,0.28931,9.6442,10.757,9.0904,12.207,0.209,0.09,1.1979
1,377,18,0.0040791,0.21444,0.014505,0.28945,15.775,9.2109,9.0904,12.207,0.239,0.12,1.0287
1,378,15,0.0075268,0.21195,0.029688,0.28498,32.2,19.257,9.0904,12.207,0.259,0.035,0.93685
1,379,30,0.0017232,0.2152,0.015742,0.28894,6.4691,10.038,9.0904,12.207,0.2,0.123,1.2408
1,38,-7,-0.0010812,0.21297,0.0031894,0.29057,-4.7651,2.0169,9.0904,12.207,0.182,0.295,1.4394
1,380,26,0.0063971,0.20791,0.034676,0.28334,38.952,22.592,9.0904,12.207,0.267,0.086,0.97035
1,381,29,0.0055686,0.21495,0.031549,0.28439,20.434,20.498,9.0904,12.207,0.207,0.176,1.2028
1,382,7,0.0090025,0.21283,0.033579,0.28397,35.061,21.796,9.0904,12.207,0.288,0.001,0.97343
1,383,5,-0.0006195,0.21066,0.021706,0.28789,-3.3249,13.873,9.0904,12.207,0.213,0.105,1.1301
1,384,1,0.0034164,0.21218,0.023906,0.28697,15.674,15.369,9.0904,12.207,0.235,0.04,1.0819
1,385,22,0.00066824,0.21825,0.015608,0.28914,2.0968,9.9319,9.0904,12.207,0.23,0.172,1.0753
1,386,49,0.00095956,0.21414,0.016544,0.2891,3.8816,10.519,9.0904,12.207,0.185,0.054,1.3331
1,387,25,0.005064,0.21157,0.027956,0.2861,23.634,17.988,9.0904,12.207,0.2,0.149,1.1742
1,388,7,0.003425,0.20683,0.035584,0.28282,26.635,23.251,9.0904,12.207,0.22,0.083,1.1006
1,389,26,0.0017478,0.2141,0.021695,0.28738,7.065,13.944,9.0904,12.207,0.216,0.132,1.1061
1,39,-10,-0.0022571,0.2169,0.0074209,0.28991,-7.6069,4.7182,9.0904,12.207,0.198,0.27,1.3209
1,390,2,0.0056679,0.20834,0.030605,0.2847,34.184,19.867,9.0904,12.207,0.192,0.015,1.272
1,391,-1,-0.0013699,0.20964,0.013422,0.28919,-8.086,8.5584,9.0904,12.207,0.214,0.048,1.1892
1,392,25,0.003327,0.21412,0.029079,0.28535,13.259,18.813,9.0904,12.207,0.305,0.061,0.82263
1,393,7,0.0014559,0.21373,0.02342,0.28705,6.052,15.058,9.0904,12.207,0.197,0.278,1.1808
1,394,20,-0.00072422,0.2079,0.017943,0.28823,-5.2394,11.495,9.0904,12.207,0.262,0.16,0.92443
1,395,33,0.0023356,0.20815,0.022878,0.28729,15.982,14.687,9.0904,12.207,0.202,0.271,1.1622
1,396,21,0.001736,0.21125,0.030188,0.28519,8.775,19.511,9.0904,12.207,0.191,0.278,1.4401
1,397,27,0.0026004,0.2078,0.026447,0.28652,18.434,16.997,9.0904,12.207,0.232,0.078,1.159
1,398,-3,0.0051708,0.20853,0.033671,0.28374,31.225,21.906,9.0904,12.207,0.187,0.173,1.3488
1,399,24,-0.0033957,0.20942,0.016807,0.28873,-19.823,10.725,9.0904,12.207,0.247,0.001,0.98328
1,40,2,-0.0035485,0.21356,0.010246,0.29015,-14.666,6.4843,9.0904,12.207,0.187,0.344,1.5084
1,400,42,0.0028798,0.21314,0.025112,0.28705,12.359,16.092,9.0904,12.207,0.169,0.228,1.4456
1,41,4,0.00063008,0.21317,0.012172,0.28971,2.7386,7.7263,9.0904,12.207,0.189,0.375,1.502
1,42,2,0.0021745,0.21254,0.0042052,0.29048,9.8354,2.6612,9.0904,12.207,0.216,0.39,1.376
1,43,-5,-0.0012158,0.2122,0.012116,0.28936,-5.6913,7.7219,9.0904,12.207,0.216,0.276,1.2937
1,44,19,-0.0006788,0.21313,0.0066303,0.29003,-2.9602,4.2118,9.0904,12.207,0.194,0.454,1.3936
1,45,-3,0.00068637,0.20848,0.0078458,0.2897,4.6272,4.9988,9.0904,12.207,0.187,0.266,1.4618
1,46,17,-0.0022346,0.21621,-0.0034207,0.29008,-7.8492,-2.1747,9.0904,12.207,0.206,0.336,1.3567
1,47,25,0.0036092,0.21527,0.011349,0.28978,13.3,7.2046,9.0904,12.207,0.239,0.249,1.0514
1,48,16,0.0026624,0.21276,0.011019,0.28985,11.786,6.9918,9.0904,12.207,0.211,0.266,1.1659
1,49,17,-0.00097699,0.20697,0.0022451,0.29001,-7.9814,1.4288,9.0904,12.207,0.245,0.291,0.9983
1,50,11,0.00051693,0.2108,0.01366,0.28901,2.7412,8.7248,9.0904,12.207,0.222,0.342,1.2992
1,51,-2,0.0027148,0.21039,0.011038,0.28979,14.65,7.0077,9.0904,12.207,0.205,0.29,1.3873
1,52,15,-0.0030127,0.21076,0.0057483,0.29023,-15.643,3.6454,9.0904,12.207,0.199,0.277,1.3213
1,53,28,0.0033911,0.21241,0.02012,0.28799,15.288,12.88,9.0904,12.207,0.214,0.308,1.1387
1,54,37,0.0021632,0.20942,0.016134,0.28907,12.928,10.267,9.0904,12.207,0.186,0.277,1.3624
1,55,11,0.0029647,0.21507,0.024717,0.2869,11.132,15.877,9.0904,12.207,0.276,0.339,0.89187
1,56,-4,0.001846,0.21145,0.010497,0.28943,9.1571,6.6951,9.0904,12.207,0.185,0.271,1.4447
1,57,18,-0.0031635,0.21764,-0.0029586,0.29091,-10.165,-1.864,9.0904,12.207,0.197,0.308,1.5403
1,58,21,8.1239e-05,0.21534,0.0057053,0.28987,0.3034,3.6324,9.0904,12.207,0.23,0.414,1.2779
1,59,13,0.0028291,0.21031,0.020735,0.28827,15.344,13.219,9.0904,12.207,0.22,0.329,1.4193
1,60,2,0.0038539,0.2092,0.017616,0.28842,22.73,11.267,9.0904,12.207,0.2,0.296,1.3493
1,61,40,-0.0042829,0.21196,0.00055943,0.29059,-19.704,0.35382,9.0904,12.207,0.177,0.328,1.488
1,62,-12,0.0051402,0.21511,0.021532,0.28782,18.791,13.777,9.0904,12.207,0.186,0.313,1.4722
1,63,10,0.0036465,0.21682,0.013604,0.28924,12.232,8.6676,9.0904,12.207,0.223,0.279,1.2866
1,64,0,-0.0011339,0.21169,0.007828,0.29009,-5.5427,4.9659,9.0904,12.207,0.21,0.324,1.2613
1,65,8,-0.003569,0.21274,0.0044159,0.29026,-15.653,2.8008,9.0904,12.207,0.194,0.343,1.2944
1,66,20,-6.3963e-05,0.21519,0.0047102,0.29043,-0.24129,2.9818,9.0904,12.207,0.198,0.264,1.3063
1,67,18,0.0023902,0.21148,0.012982,0.28944,11.765,8.2588,9.0904,12.207,0.196,0.324,1.2734
1,68,7,0.0018657,0.20855,0.013958,0.28947,12.31,8.8672,9.0904,12.207,0.209,0.287,1.406
1,69,25,-0.00048588,0.21264,0.0089042,0.29008,-2.2022,5.6454,9.0904,12.207,0.187,0.281,1.4677
1,70,23,0.0026164,0.20892,0.011781,0.29009,16.339,7.4503,9.0904,12.207,0.221,0.353,1.2973
1,71,24,0.00082978,0.21443,0.015051,0.28907,3.2914,9.5914,9.0904,12.207,0.224,0.336,1.4449
1,72,11,0.0014962,0.21277,0.015052,0.28882,6.6836,9.6184,9.0904,12.207,0.209,0.321,1.3754
1,73,29,0.0012452,0.21133,0.016762,0.2887,6.2706,10.702,9.0904,12.207,0.221,0.306,1.2322
1,74,24,0.00053234,0.21154,0.020065,0.28824,2.6422,12.811,9.0904,12.207,0.259,0.343,1.0805
1,75,46,0.002002,0.21204,0.021678,0.28784,9.4371,13.864,9.0904,12.207,0.228,0.315,1.2997
1,76,29,0.006023,0.21845,0.03014,0.285,18.076,19.523,9.0904,12.207,0.354,0.431,0.9669
1,77,30,0.0092238,0.2262,0.030986,0.28482,19.393,20.068,9.0904,12.207,0.396,0.38,1.0714
1,78,17,0.004439,0.21803,0.021552,0.28785,13.83,13.784,9.0904,12.207,0.233,0.367,1.229
1,79,1,0.0011905,0.20929,0.022117,0.28815,7.3026,14.085,9.0904,12.207,0.24,0.352,1.079
1,80,12,0.00038825,0.20787,0.01325,0.28919,2.8237,8.4503,9.0904,12.207,0.266,0.331,0.97846
1,81,7,0.00034948,0.20943,0.0093673,0.29064,2.1225,5.9003,9.0904,12.207,0.223,0.275,1.1864
1,82,9,-0.0015822,0.21644,0.00989,0.28972,-5.4974,6.2904,9.0904,12.207,0.246,0.301,1.1629
1,83,23,-0.00093745,0.21338,0.013838,0.28913,-4.009,8.8254,9.0904,12.207,0.232,0.299,1.0581
1,84,9,0.0022297,0.21326,0.018704,0.28819,9.5485,11.974,9.0904,12.207,0.234,0.274,1.0659
1,85,5,0.00042379,0.21294,0.011621,0.28959,1.8765,7.3906,9.0904,12.207,0.29,0.235,0.97095
1,86,11,0.0036608,0.21061,0.014518,0.28898,19.031,9.2664,9.0904,12.207,0.29,0.299,0.88077
1,87,14,0.0011129,0.20855,0.017102,0.28856,7.4127,10.93,9.0904,12.207,0.253,0.29,1.0879
1,88,21,0.0051637,0.21636,0.018054,0.28878,17.516,11.494,9.0904,12.207,0.278,0.202,1.0441
1,89,5,0.001564,0.20711,0.026021,0.28664,12.412,16.717,9.0904,12.207,0.312,0.057,0.86391
1,90,20,0.001815,0.21607,0.015592,0.28906,6.4429,9.93,9.0904,12.207,0.253,0.08,1.0061
1,91,17,0.00082156,0.2173,0.016196,0.28858,2.7184,10.361,9.0904,12.207,0.247,0.228,1.0557
1,92,32,0.0069182,0.21361,0.02461,0.28709,26.941,15.778,9.0904,12.207,0.225,0.273,1.1207
1,93,13,-0.0026129,0.2118,0.013768,0.2895,-12.488,8.7459,9.0904,12.207,0.24,0.286,1.1765
1,94,14,-0.002169,0.2062,0.020851,0.28797,-19.281,13.334,9.0904,12.207,0.266,0.282,0.92739
1,95,2,-0.00086192,0.20669,0.021579,0.28783,-7.3468,13.804,9.0904,12.207,0.264,0.292,0.81566
1,96,-1,-0.0032678,0.21225,0.015985,0.28881,-14.934,10.203,9.0904,12.207,0.242,0.319,0.95198
1,97,20,-0.0028839,0.21132,0.0081944,0.28993,-14.296,5.2062,9.0904,12.207,0.248,0.295,0.90448
1,98,13,0.0036005,0.20875,0.01594,0.28861,22.372,10.198,9.0904,12.207,0.231,0.289,1.2197
1,99,22,-0.00081419,0.20785,0.017465,0.28854,-5.9206,11.159,9.0904,12.207,0.216,0.297,1.2087
